128
121.573630 685.114179 
103.029202 265.548202 
955.004299 129.167201 
860.299718 833.524775 
904.842682 516.465625 
299.728157 763.470331 
357.968178 202.551347 
708.142659 513.155788 
317.444067 668.761260 
606.859141 208.868373 
420.557138 445.896194 
550.270103 493.319422 
155.335332 41.706767 
55.371249 972.830455 
593.410940 804.099685 
968.728806 564.473254 
494.088335 668.700862 
156.786960 952.843074 
636.037248 287.969424 
882.369733 193.611160 
864.336242 286.701551 
327.169979 966.368134 
330.627577 34.080539 
228.001910 379.804885 
567.576467 696.755229 
957.471020 774.191426 
646.670123 135.072100 
708.679215 940.860006 
53.451746 32.863747 
261.660966 450.773880 
884.135441 741.526853 
131.536284 524.929731 
136.853031 788.537897 
688.357686 361.917615 
236.591662 523.859459 
771.772556 451.596757 
802.300214 240.166199 
875.890775 944.724820 
447.044771 174.137572 
546.062732 29.072907 
435.047564 746.814855 
132.689584 349.020473 
630.724108 553.305976 
61.416479 378.847021 
435.887691 101.937274 
735.887334 61.159007 
706.658855 441.108065 
699.667775 817.401897 
39.457321 809.570620 
546.990186 879.304994 
460.655099 874.791157 
389.199284 546.110848 
956.069726 339.472086 
59.045513 611.408886 
182.746914 221.133996 
650.523609 739.211354 
300.846886 347.225534 
831.462535 685.335673 
392.982888 362.104879 
829.443325 28.841284 
776.874716 880.677575 
808.794532 601.544767 
55.276268 202.212835 
212.790480 727.542085 
320.594605 568.459183 
954.232738 965.225627 
582.258880 353.437283 
801.576326 145.315968 
358.231664 893.589023 
627.896898 957.130170 
200.929301 839.429211 
33.087771 289.797383 
504.207204 786.771017 
451.916886 246.812127 
728.045326 280.030844 
957.342822 236.752498 
238.525875 48.162550 
329.092257 114.618107 
854.757501 455.106752 
949.686060 41.291387 
236.944932 935.847343 
246.906088 632.105225 
564.961278 104.528925 
631.652357 647.506196 
391.017765 665.006592 
31.673554 905.096752 
738.239396 649.784717 
388.262660 809.127799 
45.597661 449.914154 
516.571242 165.526559 
445.601066 591.361400 
897.097242 610.520930 
711.706396 185.739825 
787.502143 359.713122 
509.278617 402.227439 
338.834312 453.112516 
155.988983 440.093694 
292.293141 860.274211 
432.437572 32.928390 
456.118432 329.513728 
797.551441 778.103577 
958.827214 444.207957 
112.939958 881.178379 
624.524924 456.297566 
877.634407 367.205830 
739.288038 724.402682 
237.653864 137.982227 
40.672239 533.637469 
868.865089 99.652860 
652.519661 41.142414 
950.278335 875.673854 
131.257450 135.632404 
954.772943 682.991969 
535.136614 571.356033 
40.756011 707.195378 
431.106985 959.436425 
369.823264 281.186778 
793.265205 966.904843 
275.756628 234.757156 
168.873487 591.699517 
35.790691 113.725766 
210.920545 297.786015 
720.656510 584.240581 
479.364834 498.561434 
636.057720 878.209876 
534.059358 961.920637 
803.254796 527.510735 
535.799352 280.740991 
