40
21.921557 38.360274 1 
20.057064 17.832930 0 
20.584870 9.784557 0 
22.630736 44.188962 1 
22.769260 36.516047 1 
16.894995 0.932994 0 
45.939257 10.423571 3 
14.732266 48.040916 1 
45.473946 13.717631 3 
10.522656 49.480275 1 
19.990669 27.829869 1 
16.324905 37.036356 1 
17.501373 21.003482 0 
46.896535 39.977157 2 
22.238766 24.980866 1 
35.711174 28.882795 2 
44.199006 23.155420 2 
6.858727 23.842543 0 
18.721226 30.279919 1 
24.327159 27.292123 1 
41.012266 6.869956 3 
8.839590 0.295370 0 
36.441768 18.438465 3 
45.244800 6.663685 3 
21.199464 26.687547 1 
23.451035 34.836107 1 
40.452203 48.716612 2 
16.205887 0.133152 0 
15.293553 13.548720 0 
26.575291 32.961406 1 
7.632936 14.490942 0 
43.494285 26.319744 2 
23.767529 37.857047 1 
16.364931 39.367528 1 
43.575522 4.428036 3 
48.125908 46.082328 2 
32.172910 23.873488 2 
34.098956 26.796324 2 
7.282912 4.112834 0 
29.997628 42.921042 1 
