2
40
46.453639
45.649797
46.193131
11.799365
39.288622
47.325892
48.371099
13.922671
23.260563
24.362113
6.609963
18.709532
33.987056
44.315977
40.068620
11.067234
10.729781
10.013074
45.836761
17.423371
19.062989
17.462392
43.641846
49.978760
29.968967
46.143408
23.389095
4.511493
23.293796
25.688421
40.214989
39.526619
20.315382
41.021119
7.644119
49.923679
24.320783
23.009524
19.994700
13.273163
14.177184
11.033984
13.343919
26.200943
11.270229
43.554340
48.248447
35.621563
23.104960
28.114979
32.345948
30.871865
17.685547
9.336027
17.470184
2.276847
1.384549
23.639140
42.862870
4.822751
4.166723
47.881633
2.652997
3.379492
48.508214
13.253156
22.672750
47.395733
47.566009
7.643360
16.066510
13.349580
37.068762
20.313555
11.841110
6.591098
29.731676
24.527400
13.168656
36.994555
0
0
0
0
0
3
0
0
3
0
0
0
0
3
0
0
2
2
0
3
3
0
2
0
0
0
3
3
1
0
2
3
0
2
0
3
0
3
0
2
